6589825
7054396
6559895
6676545
5546887
4120753
4283155
6937675
7240038
6668507
6853547
5821038
4414583
4871765
6702569
7294560
6707924
6950135
5839282
4442128
4978570
6957195
7187337
6981336
6905565
6032592
4441121
4983366
6980501
7171169
6963468
7194057
6232255
4490837
5007920
6876208
7232125
6866458
7177309
5864225
4367862
4883283
6909471
7578089
6524561
7216989
6140122
4414267
4989460
7079982
7492403
6754616
7119001
6445435
4723388
5284529
7370375
7563747
6602832
7222251
5879216
4411484
4864243
7075644
7593634
6217322
7202865
6439941
4761421
5467640
7338813
7784701
6329334
7346303
6390655
4795777
5426231
7296651
7671990
6283589
7131510
6444378
4840811
5360074
7335634
7812724
5758576
8122531
6552337
4854177
5513417
7252942
7840629
6100697
8654682
7595900
5512840
5434145
7305324
7698384
6337556
7059953
6367534
4906759
5609741
7390840
7823896
6312449
7402112
6592669
4928706
5407621
