8281828459
2845904523
4590452353
5235360287
3536028747
5360287471
3602874713
7135266249
1352662497
3526624977
2662497757
2497757247
9775724709
7757247093
5724709369
7247093699
2470936999
7093699959
9369995957
6999595749
9595749669
9574966967
4966967627
9669676277
6762772407
2772407663
7240766303
4076630353
6630353547
3035354759
5354759457
3547594571
5475945713
5945713821
9457138217
3821785251
8525166427
5166427427
4274274663
2742746639
7427466391
4274663919
2746639193
6391932003
1932003059
9320030599
2003059921
0305992181
3059921817
5992181741
9921817413
2181741359
7413596629
3596629043
9662904357
6290435729
0435729003
4357290033
7290033429
3429526059
9526059563
2605956307
6059563073
5956307381
9563073813
6307381323
8132328627
1323286279
2328627943
2862794349
6279434907
7943490763
4349076323
3490763233
0763233829
2338298807
3829880753
8298807531
2988075319
0753195251
5319525101
3195251019
9525101901
5251019011
5101901157
1019011573
1901157383
0115738341
1573834187
5738341879
7383418793
8341879307
1879307021
0702154089
7021540891
2154089149
1540891499
5408914993
1499348841
9934884167
4884167509
1675092447
7509244761
0822648001
6480016847
4800168477
0016847741
0168477411
8477411853
4774118537
4118537423
4234544243
2345442437
3454424371
5442437107
4243710753
2437107539
3710753907
7107539077
1075390777
5390777449
3907774499
7744992069
4992069551
9920695517
0695517027
9551702761
5170276183
1838606261
8386062613
3860626133
8606261331
6062613313
1331384583
3845830007
0007520449
0075204493
0752044933
3382656029
3826560297
5602976067
6029760673
0297606737
2976067371
9760673711
7606737113
7371132007
7113200709
1132007093
2007093287
0709328709
7093287091
9328709127
8709127443
7091274437
9127443747
7443747047
4374704723
4704723069
0472306969
4723069697
7230696977
0696977209
6969772093
9697720931
9772093101
7209310141
0931014169
1014169283
4169283681
1692836819
3681902551
8190255151
5515108657
5108657463
1086574637
0865746377
6574637721
5746377211
7463772111
7721112523
2111252389
1112523897
7844250569
4425056953
2505695369
0569536967
5695369677
9536967707
6770785449
7707854499
0785449969
7854499699
5449969967
4499699679
9468644549
8644549059
4454905987
4549059879
5490598793
4905987931
0598793163
7931636889
3163688923
3688923009
8892300987
8923009879
9230098793
2300987931
0098793127
0987931277
9879312773
7931277361
9312773617
2773617821
1782154249
7821542499
8215424999
5424999229
2499922957
9992295763
9229576351
1482208269
8220826989
2082698951
0826989519
8269895193
9519366803
5193668033
1936680331
3182528869
1825288693
8252886939
2886939849
3984964651
4651058209
6510582093
5105820939
0582093923
5820939239
0939239829
2398294887
3982948879
9829488793
8294887933
4887933203
3320362509
0362509443
3625094431
6250944311
2509443117
5094431173
9443117301
4311730123
1173012381
1730123819
7301238197
3819706841
1970684161
0684161403
6841614039
8416140397
1614039701
6140397019
4039701983
0397019837
9701983767
7019837679
0198376793
7679320683
3206832823
2068328237
7646480429
4648042953
6480429531
4804295311
2953118023
3118023287
2328782509
2878250981
8782509819
0981945581
8194558153
9455815301
4558153017
8153017567
1530175671
5301756717
3017567173
1756717361
7567173613
5671736133
7361332069
6133206981
1332069811
0698112509
6981125099
8112509961
1250996181
0996181881
9618188159
6181881593
1881593041
8159304169
5930416903
3041690351
4169035159
5159888851
1598888519
5988885193
8519345807
1934580727
9345807273
8072738667
0727386673
3866738589
3858942287
8589422879
2287922849
2879228499
7922849989
0868058257
6805825749
0582574927
5825749279
2574927961
2796104841
7961048419
4841984443
4198444363
8444363463
3634632449
3244968487
6848756023
8487560233
0233624827
3624827041
6248270419
2482704197
7041978623
1978623209
6232090021
2090021609
0900216099
0216099023
1609902353
9902353043
0235304369
2353043699
5304369941
4369941849
3699418491
9418491463
4184914631
4914631409
9146314093
4631409343
6314093431
3140934317
1409343173
0934317381
3431738143
3640546253
6405462531
4625315209
2531520961
3152096183
5209618369
1836908887
3690888707
9088870701
8887070167
7070167683
0701676839
7683964243
6839642437
3964243781
2437814059
3781405927
7814059271
0592714563
2714563549
4563549061
5635490613
3549061303
5490613031
9061303107
0310720851
1072085103
7208510383
2085103837
1038375051
3837505101
8375051011
7505101157
0510115747
5101157477
1157477041
1574770417
5747704171
4770417189
0417189861
1898610687
8986106873
9861068739
6106873969
7396965521
6965521267
9655212671
2671546889
7154688957
5468895703
8895703503
0350354021
5035402123
5402123407
2123407849
2340784981
3407849819
4078498193
0784981933
8498193343
9819334321
3343210681
3432106817
3210681701
1068170121
0121005627
0562788023
6278802351
2788023519
7880235193
8023519303
0235193033
1930332247
3322474501
4745015853
7450158539
0158539047
1585390473
5390473041
3904730419
9047304199
4730419957
7304199577
3041995777
0419957777
1995777709
9957777093
7777093503
9350366041
5036604169
0366041699
3660416997
6604169973
0416997329
4169973297
9725088687
2508868769
6876966403
9664035557
6403555707
4035557071
7162268447
1622684471
4471625607
4716256079
6079882651
0798826517
9882651787
8826517871
8265178713
6517871341
5178713419
7871341951
5124665201
2466520103
6520103059
2010305921
1030592123
0592123667
5921236677
9212366771
2123667719
2366771943
7719432527
9432527867
3252786753
2527867539
6753985589
9855894489
5589448969
5894489697
9448969709
9697096409
6970964097
9640975459
6409754591
7545918569
5918569563
5695638023
9563802363
5638023637
3802363701
2363701621
3637016211
0162112047
1621120477
1120477427
4774272283
2722836489
2283648961
2836489613
8961342251
2251644507
5164450781
0781824423
1824423529
4235294863
3529486363
5294863637
9486363721
8636372141
6363721417
7214174023
4174023889
1740238893
0238893441
8893441247
8934412479
3441247963
4124796357
2479635743
4796357437
3574370263
5743702637
7026375529
7552944483
5529444833
5294448337
2944483379
9444833799
4833799801
3379980161
9801612549
1612549227
5492278509
2278509257
2785092577
5778256209
0926226483
2264832627
2648326277
6483262779
4832627793
8326277933
3262779333
3386566481
6566481627
5664816277
4816277251
2772516401
7725164019
7251640191
1640191059
1910590049
9105900491
9004916449
0049164499
1644998289
6449982893
4499828931
3150566047
6047258027
0472580277
2580277863
5802778631
7786318641
6318641551
3186415519
4155195653
5324425869
4425869829
5869829469
6982946959
9829469593
4695930801
6959308019
9593080191
3080191529
8019152987
1915298721
9152987211
1529872117
7211725563
1172556347
5563475463
5634754639
7546396447
5463964479
4639644791
3964479101
4479101459
1014590409
0409058629
9058629849
5862984967
8629849679
6298496791
8496791287
9128740687
0687050489
0489585867
4895858671
8958586717
5858671747
8586717479
7479854667
4798546677
9854667757
5466775757
4667757573
7573205681
5681288459
8845920541
8459205413
4592054133
0541334053
5413340539
0539220001
5392200011
3922000113
9220001137
0001137863
1137863009
9455606881
5606881667
8816674001
1667400169
4205580403
2055804033
5580403363
5804033637
8040336379
4033637953
0336379537
9537645203
5203040243
0243225661
2432256613
2256613527
5661352783
6135278369
3527836951
5278369511
2783695117
7836951177
6951177883
1177883863
7788386387
8386387443
3863874439
7443966253
9662532249
2498506549
4985065499
5499588623
5886234281
8623428189
6234281899
2342818997
4281899707
2818997077
8189970773
1899707733
9970773327
7077332761
0773327617
7733276171
7332761717
3276171783
2761717839
7178392803
7839280349
8034946501
3494650143
0143455889
1434558897
3455889707
4558897071
5588970719
0719425863
7194258639
9425863987
4258639877
5863987727
3987727547
9877275471
7727547109
7547109629
4710962953
7109629537
0962953741
2953741521
9537415211
5374152111
7415211151
4152111513
2111513683
1368350627
0627526023
6023264847
3264847287
6484728703
4847287039
7287039207
7039207643
0392076431
0764310059
3100595841
1005958411
5958411661
6612054529
6120545297
2054529703
4529703023
9703023647
0236472549
3647254929
2549296669
5492966693
9296669381
2966693811
6669381151
6693811513
6938115137
9381151373
1151373227
5137322753
2275364509
3645098889
4509888903
5098889031
0988890313
0313602057
6020572481
0205724817
2481765851
4817658511
6585118063
8511806303
6303644281
0364428123
3644281231
4428123149
2314965507
4965507047
6550704751
1025446501
0254465011
2544650117
4465011727
6501172721
5011727211
7272115551
2721155519
8668508003
5080036853
0368532281
6853228183
8532281831
2281831521
2818315219
3152196003
1521960037
5219600373
0373562527
3735625279
5625279449
2527944951
4951582841
5828418829
2841882947
4188294787
8829478761
8761085263
7610852639
1085263981
0852639813
8526398139
6398139559
3981395599
3955990067
9559900673
5599006737
0673764829
6482922443
4829224437
2244375287
2443752871
8718462457
8462457803
6245780361
2457803619
5780361929
8036192981
0361929819
3619298197
6192981971
1929819713
9298197139
2981971399
9819713991
1971399147
4488262603
4882626039
8262603903
2626039033
2603903381
3903381441
3381441823
4182326251
2326251509
3262515097
5150974827
1509748279
0974827987
9748279877
7482798777
4827987779
8279877799
9877799643
8777996437
7779964373
9964373089
9643730899
6437308997
3730899703
9970388867
9703888677
8886778227
8867782271
8677822713
7782271383
2713836057
7138360577
3836057729
8360577297
7729788241
7882412561
8824125611
8241256119
4125611907
1256119071
2561190717
1190717663
1907176639
7663946507
3946507063
9465070633
7063304527
0633045279
4527954661
5466185509
8550966661
6661856647
6185664709
1856647097
8566470971
5664709711
6647097113
0971134447
1134447401
4447401607
6070462621
6262156807
2621568071
6215680717
5680717481
8071748187
0717481877
4818778443
8187784437
1877844371
7784437143
8443714369
7143698821
6988218559
8821855967
2185596709
8559670959
5596709591
7095910259
5968620023
6862002353
8620023537
6200235371
3537185887
8588748569
6522000503
5220005031
2200050311
2000503117
0005031173
0503117343
5031173439
1173439207
1734392073
3439207321
4392073211
3920732113
9207321139
3211390803
1139080329
1390803293
9080329363
0329363447
3293634479
2936344797
3634479727
6344797273
4797273559
2735595527
7355955277
3559552773
5955277349
5527734907
5277349071
2773490717
7349071783
3490717837
4907178379
9071783793
1783793421
8379342163
3793421637
9342163701
1205005451
2050054513
0054513263
5451326383
3835440001
5440001863
4000186323
0001863239
0018632399
0186323991
8632399149
3239914907
9149070547
1490705479
4907054797
9070547977
7977805669
9778056697
8056697853
0566978533
